Initial state:
2113
2113
4665
4775
7007

Cost of solution: 1936

Number of states expanded: 6931

Solution:

0
2113
2113
4665
4775
7007

1
2113
2113
4665
4775
0707

2
2113
2113
4665
4775
0770

3
2113
2113
0665
4775
4770

4
2113
2113
0660
4775
4775

5
2113
2113
6600
4775
4775

6
2110
2113
6603
4775
4775

7
2110
2113
6673
4705
4775

8
2110
2113
6673
4075
4775

9
2110
2113
6673
4775
4075

10
2113
2113
6670
4775
4075

11
2113
2113
6670
4775
4705

12
2113
2113
6607
4775
4705

13
2113
2113
6607
4705
4775

14
2113
2113
6607
4075
4775

15
2113
2113
0667
4075
4775

16
2113
2113
0667
4775
4075

17
2113
2113
4667
4775
0075

18
2113
2113
4667
4775
0705

19
2113
2113
4667
4705
0775

20
2113
2113
4667
4705
7075

21
2113
2113
4667
4705
7705

22
2113
2113
4667
4750
7750

23
2113
2113
4660
4757
7750

24
2113
2113
4660
4750
7757

25
2113
2113
4066
4750
7757

26
2113
2113
4766
4050
7757

27
2113
2113
4766
4057
7750

28
2113
2113
4766
4757
7050

29
2113
2113
4766
4757
0750

30
2113
2113
4766
4750
0757

31
2113
2113
0766
4750
4757

32
2113
2113
7066
4750
4757

33
2113
2113
7066
4757
4750

34
2113
2113
7660
4757
4750

35
2113
2113
7667
4750
4750

36
2113
2113
7667
4705
4705

37
2113
2113
7667
4075
4705

38
2113
2113
7667
4005
4775

39
2113
2113
7007
4665
4775

40
2113
2113
0707
4665
4775

41
2113
2113
0770
4665
4775

42
2113
2113
4770
4665
0775

43
2113
2113
4770
4665
7075

44
2113
2113
4775
4665
7070

45
2113
2113
4775
4665
7007

46
2113
2113
4775
4005
7667

47
2113
2113
4075
4705
7667

48
2113
2113
4705
4705
7667

49
2113
2113
4750
4750
7667

50
2113
2113
4750
4757
7660

51
2113
2113
4750
4757
7066

52
2113
2113
4750
4757
0766

53
2113
2113
0750
4757
4766

54
2113
2113
0757
4750
4766

55
2113
2113
7057
4750
4766

56
2113
2113
7757
4050
4766

57
2113
2113
7750
4057
4766

58
2113
2113
7750
4757
4066

59
2113
2113
7750
4757
4660

60
2113
2113
7750
4750
4667

61
2113
2113
7705
4705
4667

62
2113
2113
7705
4075
4667

63
2113
2113
7005
4775
4667

64
2113
2113
0705
4775
4667

65
2113
2113
0075
4775
4667

66
2113
2113
0775
4075
4667

67
2113
2113
4775
4075
0667

68
2113
2113
4775
4075
6607

69
2113
2113
4775
4075
6670

70
2113
2113
4770
4075
6675

71
2113
2113
4770
4705
6675

72
2113
2113
4770
4775
6605

73
2113
2113
4770
4775
0665

74
2113
2113
0770
4775
4665

75
2113
2113
7070
4775
4665

76
2113
2113
7007
4775
4665

77
2113
2113
7707
4075
4665

78
2113
2113
7077
4075
4665

79
2113
2113
0777
4075
4665

80
2113
2113
4777
4075
0665

81
2113
2113
4777
4075
6605

82
2113
2113
4777
4005
6675

83
2113
2113
4077
4705
6675

84
2113
2113
4077
4075
6675

85
2113
2113
0477
0475
6675

86
0113
2113
2477
0475
6675

87
0113
0113
2477
2475
6675

88
1103
1103
2477
2475
6675

89
1103
1173
2407
2475
6675

90
1103
1173
2470
2475
6675

91
1103
1173
2475
2475
6670

92
1103
1173
2475
2475
6607

93
1103
1173
2475
2475
0667

94
1103
1173
0475
2475
2667

95
1173
1103
0475
2475
2667

96
1173
1173
0405
2475
2667

97
1173
1173
0475
2405
2667

98
1173
1173
2475
2405
0667

99
1173
1173
2475
2405
6607

100
1173
1173
2475
2405
6670

101
1173
1173
2470
2405
6675

102
1173
1173
2470
2475
6605

103
1173
1173
2470
2475
0665

104
1173
1173
0470
2475
2665

105
1173
1173
0407
2475
2665

106
1173
1173
0477
2405
2665

107
1173
1173
2477
2405
0665

108
1173
1173
2477
2405
6605

109
1173
1173
2477
2450
6650

110
1173
1173
2470
2457
6650

111
1173
1173
2470
2450
6657

112
1173
1173
2407
2450
6657

113
1173
1173
2400
2457
6657

114
1170
1173
2403
2457
6657

115
1170
1173
2453
2457
6607

116
1170
1173
2453
2457
6670

117
1170
1173
2453
2450
6677

118
1170
1170
2453
2453
6677

119
1170
1107
2453
2453
6677

120
1170
1157
2453
2403
6677

121
1170
1157
2453
2473
6607

122
1170
1157
2453
2473
6670

123
1170
1157
2450
2473
6673

124
1170
1150
2457
2473
6673

125
1107
1150
2457
2473
6673

126
1100
1157
2457
2473
6673

127
1150
1157
2407
2473
6673

128
1150
1157
2470
2473
6673

129
1150
1157
2473
2473
6670

130
1150
1157
2473
2473
6607

131
1150
1157
2473
2473
0667

132
1150
1157
0473
2473
2667

133
1157
1150
0473
2473
2667

134
1157
1153
0473
2470
2667

135
1157
1153
0473
2407
2667

136
1157
1153
0403
2477
2667

137
1107
1153
0453
2477
2667

138
1107
1153
2453
2477
0667

139
1107
1153
2453
2477
6607

140
1107
1153
2453
2477
6670

141
1107
1153
2453
2470
6677

142
1107
1150
2453
2473
6677

143
1157
1150
2403
2473
6677

144
1157
1150
2473
2403
6677

145
1157
1153
2473
2400
6677

146
1157
1153
2473
2407
6670

147
1157
1153
2473
2477
6600

148
1157
1153
2473
2477
0660

149
1157
1153
2473
2477
0066

150
1157
1153
2073
2477
0466

151
1157
1153
0073
2477
2466

152
1157
1153
0703
2477
2466

153
1157
1153
0773
2407
2466

154
1157
1153
0773
2470
2466

155
1157
1150
0773
2473
2466

156
1157
1150
7073
2473
2466

157
1157
1150
7703
2473
2466

158
1107
1150
7753
2473
2466

159
1107
1153
7753
2470
2466

160
1107
1153
7753
2407
2466

161
1107
1103
7753
2457
2466

162
0117
0113
7753
2457
2466

163
0117
7113
0753
2457
2466

164
0117
7113
7053
2457
2466

165
0117
7113
7453
2457
2066

166
0117
7113
7453
2457
2660

167
0117
7113
7453
2450
2667

168
0117
7110
7453
2453
2667

169
0110
7117
7453
2453
2667

170
7110
0117
7453
2453
2667

171
7110
7117
0453
2453
2667

172
7110
7117
2453
2453
0667

173
7110
7117
2453
2453
6607

174
7110
7117
2453
2453
6670

175
7110
7117
2450
2453
6673

176
7110
7110
2457
2453
6673

177
7011
7011
2457
2453
6673

178
7011
0711
2457
2453
6673

179
7011
2711
2457
0453
6673

180
0711
2711
2457
0453
6673

181
2711
2711
0457
0453
6673

182
2711
2711
4057
4053
6673

183
2711
2711
4507
4503
6673

184
2711
2711
4507
4573
6603

185
2711
2711
4507
4573
0663

186
2711
2711
0507
4573
4663

187
2711
2711
0570
4573
4663

188
2711
2711
0573
4573
4660

189
2711
2711
0573
4573
4066

190
2711
2711
0073
4573
4566

191
2711
2711
0703
4573
4566

192
2711
2711
0773
4503
4566

193
2711
2711
7073
4503
4566

194
2711
2711
7573
4503
4066

195
2711
2711
7573
4503
4660

196
2711
2711
7570
4503
4663

197
2711
2711
7500
4573
4663

198
2700
2711
7511
4573
4663

199
2070
2711
7511
4573
4663

200
2007
2711
7511
4573
4663

201
2707
2011
7511
4573
4663

202
2707
2511
7511
4073
4663

203
2707
2511
7511
4703
4663

204
2077
2511
7511
4703
4663

205
2577
2511
7011
4703
4663

206
2577
2511
7011
4073
4663

207
2577
2511
0711
4073
4663

208
2577
2511
0011
4773
4663

209
2077
2511
0511
4773
4663

210
2077
2511
4511
4773
0663

211
2077
2511
4511
4773
6603

212
2077
2511
4511
4703
6673

213
2077
2511
4511
4073
6673

214
2077
2011
4511
4573
6673

215
2707
2011
4511
4573
6673

216
2007
2711
4511
4573
6673

217
2070
2711
4511
4573
6673

218
2700
2711
4511
4573
6673

219
2711
2711
4500
4573
6673

220
2711
2711
4503
4573
6670

221
2711
2711
4503
4573
6607

222
2711
2711
4503
4573
0667

223
2711
2711
0503
4573
4667

224
2711
2711
0573
4503
4667

225
0711
2711
2573
4503
4667

226
7011
2711
2573
4503
4667

227
7011
2711
2503
4573
4667

228
7711
2011
2503
4573
4667

229
7711
2511
2503
4073
4667

230
7711
2511
2503
4703
4667

231
7711
2511
2530
4730
4667

232
7711
2511
2530
4737
4660

233
7711
2511
2530
4737
4066

234
7711
2511
2530
4037
4766

235
7711
2011
2530
4537
4766

236
7711
2011
2537
4530
4766

237
7011
2711
2537
4530
4766

238
0711
2711
2537
4530
4766

239
0711
2711
2530
4537
4766

240
2711
2711
0530
4537
4766

241
2711
2711
4530
4537
0766

242
2711
2711
4530
4537
7066

243
2711
2711
4530
4537
7660

244
2711
2711
4530
4530
7667

245
2711
2711
4503
4503
7667

246
2711
2711
4053
4053
7667

247
2711
2711
0453
0453
7667

248
2711
2711
0453
7453
0667

249
2711
2711
0453
7453
6607

250
2711
2711
0453
7453
6670

251
2711
2711
0450
7453
6673

252
0711
2711
2450
7453
6673

253
7011
2711
2450
7453
6673

254
7011
2711
2453
7453
6670

255
7011
2711
2453
7453
6607

256
7011
2711
2453
7453
0667

257
7011
2711
2453
0453
7667

258
7011
0711
2453
2453
7667

259
7011
7011
2453
2453
7667

260
7011
7411
2453
2053
7667

261
0711
7411
2453
2053
7667

262
7711
0411
2453
2053
7667

263
7711
2411
2453
0053
7667

264
7711
2411
2453
7053
0667

265
7711
2411
2453
7053
6607

266
7711
2411
2453
7053
6670

267
7711
2411
2450
7053
6673

268
7711
2411
2450
0753
6673

269
7711
0411
2450
2753
6673

270
7711
0411
2453
2753
6670

271
7711
0411
2453
2753
6607

272
7711
0411
2453
2753
0667

273
7711
0411
0453
2753
2667

274
7711
4011
4053
2753
2667

275
7711
4011
4753
2053
2667

276
7711
4711
4053
2053
2667

277
7711
4711
4503
2503
2667

278
7711
4711
4530
2530
2667

279
7711
4711
4530
2537
2660

280
7711
4711
4530
2537
2066

281
7711
4711
4030
2537
2566

282
7711
4711
4037
2530
2566

283
7711
4011
4737
2530
2566

284
7011
4711
4737
2530
2566

285
7011
4711
4730
2537
2566

286
0711
4711
4730
2537
2566

287
4711
4711
0730
2537
2566

288
4711
4711
0737
2530
2566

289
4711
4711
7037
2530
2566

290
4711
4711
7537
2530
2066

291
4711
4711
7537
2530
2660

292
4711
4711
7530
2537
2660

293
4711
4711
7530
2530
2667

294
4711
4711
7503
2503
2667

295
4711
4711
7053
2053
2667

296
4711
4711
0753
2053
2667

297
4711
4711
0053
2753
2667

298
4711
4011
0753
2753
2667

299
4711
4011
7053
2753
2667

300
4011
4711
7053
2753
2667

301
4011
4011
7753
2753
2667

302
0411
0411
7753
2753
2667

303
0411
7411
0753
2753
2667

304
0411
7411
7053
2753
2667

305
0411
7411
7753
2053
2667

306
7411
0411
7753
2053
2667

307
7411
7411
0753
2053
2667

308
7411
7411
0053
2753
2667

309
7011
7411
0453
2753
2667

310
7011
7411
2453
2753
0667

311
7011
7411
2453
2753
6607

312
7011
7411
2453
2753
6670

313
7011
7411
2450
2753
6673

314
7411
7411
2050
2753
6673

315
7411
7411
2750
2053
6673

316
7411
7411
2753
2053
6670

317
7411
7411
2753
2053
6607

318
7411
7411
2703
2053
6657

319
7411
7411
2073
2053
6657

320
7411
7411
0273
0253
6657

321
7411
0411
7273
0253
6657

322
7411
0411
0273
7253
6657

323
0411
7411
0273
7253
6657

324
0411
0411
7273
7253
6657

325
4011
4011
7273
7253
6657

326
4011
4211
7273
7053
6657

327
4011
4211
7273
0753
6657

328
4011
4211
0273
7753
6657

329
0011
4211
4273
7753
6657

330
0211
4211
4073
7753
6657

331
0211
4211
4703
7753
6657

332
0211
4211
4753
7753
6607

333
0211
4211
4753
7753
6670

334
0211
4211
4750
7753
6673

335
4211
4211
0750
7753
6673

336
4211
4211
7050
7753
6673

337
4211
4211
7053
7753
6670

338
4211
4211
7053
7753
6607

339
4211
4211
7053
7753
0667

340
4211
4211
7053
0753
7667

341
4211
4211
7053
7053
7667

342
4011
4211
7253
7053
7667

343
4011
4011
7253
7253
7667

344
4110
4110
7253
7253
7667

345
4110
4113
7253
7250
7667

346
4113
4113
7250
7250
7667

347
4113
4113
7205
7205
7667

348
4113
4113
7025
7025
7667

349
4113
4113
7025
0725
7667

350
4113
4113
7025
7725
0667

351
4113
4113
7025
7725
6607

352
4113
4113
7025
7725
6670

353
4113
4113
7020
7725
6675

354
4110
4113
7023
7725
6675

355
4110
4113
0723
7725
6675

356
4110
4113
7723
0725
6675

357
4113
4113
7720
0725
6675

358
4113
4113
7725
0725
6670

359
4113
4113
7725
0725
6607

360
4113
4113
7705
0725
6627

361
4113
4113
7705
7025
6627

362
4113
4113
7075
7025
6627

363
4113
4113
0775
7025
6627

364
4113
4113
0775
0725
6627

365
0113
4113
4775
0725
6627

366
0113
0113
4775
4725
6627

367
1103
1103
4775
4725
6627

368
1103
1173
4705
4725
6627

369
1103
1173
4075
4725
6627

370
1103
1173
4775
4025
6627

371
1173
1103
4775
4025
6627

372
1173
1173
4705
4025
6627

373
1173
1173
4005
4725
6627

374
1173
1173
4025
4725
6607

375
1173
1173
4025
4725
6670

376
1173
1173
4020
4725
6675

377
1170
1173
4023
4725
6675

378
1170
1173
4723
4025
6675

379
1107
1173
4723
4025
6675

380
1177
1103
4723
4025
6675

381
1177
1103
4023
4725
6675

382
1177
1123
4023
4705
6675

383
1177
1123
4023
4775
6605

384
1177
1123
4023
4775
0665

385
1177
1123
0023
4775
4665

386
1177
1123
0723
4075
4665

387
1177
1123
0723
4705
4665

388
1177
1103
0723
4725
4665

389
1177
1103
4723
4725
0665

390
1177
1103
4723
4725
6605

391
1177
1103
4703
4725
6625

392
1177
1103
4073
4725
6625

393
1177
1103
4773
4025
6625

394
1177
1173
4703
4025
6625

395
1177
1173
4723
4025
6605

396
1177
1173
4723
4025
0665

397
1177
1173
0723
4025
4665

398
1177
1173
7023
4025
4665

399
1177
1173
7203
4205
4665

400
1177
1103
7273
4205
4665

401
1177
1103
7203
4275
4665

402
1177
1130
7230
4275
4665

403
1177
1130
7235
4275
4660

404
1177
1130
7235
4275
4066

405
1177
1130
7035
4275
4266

406
1177
1130
0735
4275
4266

407
1177
1130
4735
4275
0266

408
1177
1135
4735
4270
0266

409
1177
1135
4735
4207
0266

410
1177
1135
0735
4207
4266

411
1177
1105
0735
4237
4266

412
1177
1105
7035
4237
4266

413
1177
1105
7235
4237
4066

414
1177
1105
7235
4237
4660

415
1177
1105
7235
4230
4667

416
1177
1100
7235
4235
4667

417
1170
1107
7235
4235
4667

418
1170
1170
7235
4235
4667

419
1170
1175
7235
4230
4667

420
1175
1175
7230
4230
4667

421
1175
1175
7203
4203
4667

422
1175
1105
7273
4203
4667

423
1175
1105
7203
4273
4667

424
1105
1175
7203
4273
4667

425
1105
1105
7273
4273
4667

426
1150
1150
7273
4273
4667

427
1150
1153
7273
4270
4667

428
1150
1153
7273
4207
4667

429
1150
1153
7203
4277
4667

430
1100
1153
7253
4277
4667

431
1103
1153
7250
4277
4667

432
1103
1153
7257
4270
4667

433
1103
1153
7257
4207
4667

434
1153
1153
7207
4207
4667

435
1153
1153
7027
4027
4667

436
1153
1153
0727
4027
4667

437
1153
1153
0027
4727
4667

438
1153
1153
4027
4727
0667

439
1153
1153
4027
4727
6607

440
1153
1153
4007
4727
6627

441
1153
1153
4070
4727
6627

442
1153
1153
4077
4720
6627

443
1153
1153
4077
4727
6620

444
1153
1153
4707
4727
6620

445
1153
1153
4770
4727
6620

446
1153
1153
4777
4720
6620

447
1153
1153
4777
4702
6602

448
1153
1153
4777
4702
0662

449
1153
1153
0777
4702
4662

450
1153
1153
0777
4072
4662

451
1153
1153
0077
4772
4662

452
1153
1153
4077
4772
0662

453
1153
1153
4077
4772
6602

454
1153
1153
4077
4702
6672

455
1153
1153
4077
4072
6672

456
1153
1153
4707
4072
6672

457
1153
1153
4770
4072
6672

458
1153
1153
4770
4702
6672

459
1153
1153
4770
4772
6602

460
1153
1153
4770
4772
0662

461
1153
1153
0770
4772
4662

462
1153
1153
0772
4772
4660

463
1153
1153
0772
4772
4066

464
1153
1153
0772
4072
4766

465
1153
1153
0772
4702
4766

466
1153
1153
0702
4772
4766

467
1103
1153
0752
4772
4766

468
1103
1153
7052
4772
4766

469
1103
1153
7752
4072
4766

470
1103
1153
7752
4702
4766

471
1103
1103
7752
4752
4766

472
0113
0113
7752
4752
4766

473
0113
7113
0752
4752
4766

474
0113
7113
7052
4752
4766

475
0113
7113
7752
4052
4766

476
0113
7113
7752
4752
4066

477
0113
7113
7752
4752
4660

478
0113
7113
7750
4752
4662

479
0110
7113
7753
4752
4662

480
7110
0113
7753
4752
4662

481
7110
7113
0753
4752
4662

482
7110
7113
7053
4752
4662

483
7110
7113
7753
4052
4662

484
7113
7113
7750
4052
4662

485
7113
7113
7752
4052
4660

486
7113
7113
7752
4052
4066

487
7113
7113
7752
0452
0466

488
7113
7113
0752
7452
0466

489
7113
7113
0752
0452
7466

490
7113
7113
7052
0452
7466

491
7113
7113
0052
7452
7466

492
7113
7113
0452
7452
7066

493
7113
7113
0452
7452
7660

494
7113
7113
0450
7452
7662

495
7110
7113
0453
7452
7662

496
7110
0113
7453
7452
7662

497
0110
7113
7453
7452
7662

498
0113
7113
7450
7452
7662

499
0113
7113
7452
7452
7660

500
0113
7113
7452
7452
7066

501
0113
7113
7452
7452
0766

502
0113
7113
7452
0452
7766

503
0113
7113
0452
7452
7766

504
0113
0113
7452
7452
7766

505
1103
1103
7452
7452
7766

506
1103
1153
7452
7402
7766

507
1153
1153
7402
7402
7766

508
1153
1153
7042
7042
7766

509
1153
1153
7042
0742
7766

510
1153
1153
7042
7742
0766

511
1153
1153
0742
7742
0766

512
1153
1153
0742
7742
7066

513
1153
1153
0742
7742
7660

514
1153
1153
0740
7742
7662

515
1150
1153
0743
7742
7662

516
1150
1153
7743
0742
7662

517
1150
1153
7743
7742
0662

518
1150
1153
7743
7742
6602

519
1150
1153
7703
7742
6642

520
1150
1153
7073
7742
6642

521
1150
1153
0773
7742
6642

522
1150
1153
7773
0742
6642

523
1153
1153
7770
0742
6642

524
1153
1153
7770
7042
6642

525
1153
1153
7707
7042
6642

526
1153
1153
7007
7742
6642

527
1153
1153
7047
7742
6602

528
1153
1153
7047
7742
0662

529
1153
1153
7047
0742
7662

530
1153
1153
7047
7042
7662

531
1153
1153
7407
7402
7662

532
1153
1153
7470
7402
7662

533
1153
1153
7400
7472
7662

534
1153
1153
7402
7472
7660

535
1153
1153
7402
7472
7066

536
1153
1153
7002
7472
7466

537
1153
1153
7072
7402
7466

538
1153
1153
0772
7402
7466

539
1153
1153
7772
0402
7466

540
1153
1153
7702
0472
7466

541
1153
1153
7702
7472
0466

542
1153
1153
7072
7472
0466

543
1153
1153
0772
7472
0466

544
1153
1153
7772
0472
0466

545
1153
1153
7772
4072
4066

546
1153
1153
7772
4072
4660

547
1153
1153
7770
4072
4662

548
1153
1153
7770
4702
4662

549
1153
1153
7707
4702
4662

550
1103
1153
7757
4702
4662

551
1103
1153
7757
4072
4662

552
1103
1153
7057
4772
4662

553
1103
1153
0757
4772
4662

554
1103
1153
4757
4772
0662

555
1103
1153
4757
4772
6602

556
1103
1153
4757
4702
6672

557
1103
1103
4757
4752
6672

558
1130
1130
4757
4752
6672

559
1130
1137
4750
4752
6672

560
1130
1137
4752
4752
6670

561
1130
1137
4752
4752
6607

562
1130
1137
4752
4752
0667

563
1130
1137
0752
4752
4667

564
1130
1137
7052
4752
4667

565
1130
1137
7752
4052
4667

566
1137
1130
7752
4052
4667

567
1137
1132
7752
4050
4667

568
1137
1132
7752
4057
4660

569
1137
1132
7752
4057
4066

570
1137
1132
7752
0457
0466

571
1137
1132
0752
7457
0466

572
1137
1132
0752
0457
7466

573
1137
1132
7052
0457
7466

574
1137
1132
0052
7457
7466

575
1137
1132
0452
7457
7066

576
1137
1132
0452
7457
7660

577
1137
1132
0452
7450
7667

578
1137
1130
0452
7452
7667

579
1137
1130
7452
0452
7667

580
1137
1130
7452
7452
0667

581
1137
1130
7452
7452
6607

582
1137
1130
7452
7452
6670

583
1137
1130
7450
7452
6672

584
1130
1137
7450
7452
6672

585
1130
1130
7457
7452
6672

586
1103
1103
7457
7452
6672

587
1103
1153
7457
7402
6672

588
1103
1153
7457
7472
6602

589
1103
1153
7457
7472
0662

590
1103
1153
7457
0472
7662

591
1103
1153
0457
7472
7662

592
1153
1153
0407
7472
7662

593
1153
1153
0470
7472
7662

594
1153
1153
0472
7472
7660

595
1153
1153
0472
7472
7066

596
1153
1153
0472
7472
0766

597
1153
1153
0472
0472
7766

598
1153
1153
4072
4072
7766

599
1153
1153
4072
4702
7766

600
1153
1153
4002
4772
7766

601
1103
1153
4052
4772
7766

602
1103
1153
4752
4072
7766

603
1103
1153
4752
4702
7766

604
1103
1103
4752
4752
7766

605
0113
0113
4752
4752
7766

606
0113
4113
4752
0752
7766

607
0113
4113
4752
7052
7766

608
0113
4113
4752
7752
7066

609
0113
4113
4752
7752
7660

610
0113
4113
4750
7752
7662

611
0110
4113
4753
7752
7662

612
4110
4113
0753
7752
7662

613
4110
4113
7053
7752
7662

614
4110
4113
7753
7052
7662

615
4113
4113
7750
7052
7662

616
4113
4113
7750
0752
7662

617
4113
4113
7750
7752
0662

618
4113
4113
7750
7752
6602

619
4113
4113
7700
7752
6652

620
4113
4113
7702
7752
6650

621
4113
4113
7072
7752
6650

622
4113
4113
0772
7752
6650

623
4113
4113
0770
7752
6652

624
4113
4113
0707
7752
6652

625
4113
4113
0077
7752
6652

626
4113
4113
0777
7052
6652

627
4113
4113
0777
0752
6652

628
0113
4113
4777
0752
6652

629
0113
0113
4777
4752
6652

630
1103
1103
4777
4752
6652

631
1103
1173
4707
4752
6652

632
1103
1173
4770
4752
6652

633
1100
1173
4773
4752
6652

634
1170
1103
4773
4752
6652

635
1107
1103
4773
4752
6652

636
0117
0113
4773
4752
6652

637
0117
4113
4773
0752
6652

638
0117
4113
4773
7052
6652

639
0117
4113
4073
7752
6652

640
0117
4113
4703
7752
6652

641
0117
4113
4753
7752
6602

642
0117
4113
4753
7752
0662

643
0117
4113
4753
0752
7662

644
0117
0113
4753
4752
7662

645
1107
1103
4753
4752
7662

646
1107
1153
4753
4702
7662

647
1107
1153
4753
4072
7662

648
1107
1153
4053
4772
7662

649
1170
1153
4053
4772
7662

650
1173
1153
4050
4772
7662

651
1173
1153
4052
4772
7660

652
1173
1153
4052
4772
7066

653
1173
1153
4052
4772
0766

654
1173
1153
0052
4772
4766

655
0073
1153
1152
4772
4766

656
0703
1153
1152
4772
4766

657
0753
1153
1102
4772
4766

658
0753
1153
1172
4702
4766

659
0753
1153
1172
4072
4766

660
0753
1153
1172
4772
4066

661
0753
1153
1172
4772
4660

662
0753
1153
1170
4772
4662

663
0753
1153
1107
4772
4662

664
0703
1153
1157
4772
4662

665
0073
1153
1157
4772
4662

666
1173
1153
0057
4772
4662

667
1173
1153
0757
4072
4662

668
1173
1153
0757
4702
4662

669
1173
1103
0757
4752
4662

670
1173
1103
4757
4752
0662

671
1173
1103
4757
4752
6602

672
1173
1153
4757
4702
6602

673
1173
1153
4757
4720
6620

674
1173
1153
4750
4727
6620

675
1173
1153
4750
4720
6627

676
1170
1153
4753
4720
6627

677
1170
1150
4753
4723
6627

678
1107
1150
4753
4723
6627

679
1157
1150
4703
4723
6627

680
1157
1150
4073
4723
6627

681
1157
1150
4773
4023
6627

682
1157
1153
4773
4020
6627

683
1157
1153
4773
4027
6620

684
1157
1153
4073
4727
6620

685
1157
1153
4703
4727
6620

686
1157
1153
4723
4727
6600

687
1157
1153
4723
4720
6607

688
1157
1153
4723
4720
0667

689
1157
1153
0723
4720
4667

690
1157
1153
0723
4727
4660

691
1157
1153
0723
4727
4066

692
1157
1153
0723
4027
4766

693
1157
1153
0023
4727
4766

694
1157
1153
4023
4727
0766

695
1157
1153
4023
4727
7066

696
1157
1153
4023
4027
7766

697
1157
1153
4203
4207
7766

698
1157
1153
4203
4270
7766

699
1157
1150
4203
4273
7766

700
1107
1150
4253
4273
7766

701
1170
1150
4253
4273
7766

702
1170
1153
4253
4270
7766

703
1170
1153
4253
4207
7766

704
1170
1103
4253
4257
7766

705
1107
1103
4253
4257
7766

706
0117
0113
4253
4257
7766

707
0117
4113
4253
0257
7766

708
0117
4113
4253
7257
0766

709
0117
4113
4253
7257
7066

710
0117
4113
4253
7257
7660

711
0117
4113
4253
7250
7667

712
0117
4110
4253
7253
7667

713
0110
4117
4253
7253
7667

714
4110
4117
0253
7253
7667

715
4110
4117
7253
0253
7667

716
4110
4117
7253
7253
0667

717
4110
4117
7253
7253
6607

718
4110
4117
7253
7253
6670

719
4110
4117
7250
7253
6673

720
4110
4110
7257
7253
6673

721
4011
4011
7257
7253
6673

722
4011
4211
7257
7053
6673

723
4011
4211
7257
0753
6673

724
4011
4211
0257
7753
6673

725
0011
4211
4257
7753
6673

726
0211
4211
4057
7753
6673

727
0211
4211
4757
7053
6673

728
0211
4211
4757
0753
6673

729
0211
0211
4757
4753
6673

730
2011
2011
4757
4753
6673

731
2110
2110
4757
4753
6673

732
2110
2117
4750
4753
6673

733
2110
2117
4753
4753
6670

734
2110
2117
4753
4753
6607

735
2110
2117
4753
4753
0667

736
2110
2117
0753
4753
4667

737
2110
2117
7053
4753
4667

738
2110
2117
7753
4053
4667

739
2117
2110
7753
4053
4667

740
2117
2113
7753
4050
4667

741
2117
2113
7753
4057
4660

742
2117
2113
7753
4057
4066

743
2117
2113
7753
0457
0466

744
2117
2113
0753
7457
0466

745
2117
2113
0753
0457
7466

746
0117
2113
2753
0457
7466

747
0117
0113
2753
2457
7466

748
1107
1103
2753
2457
7466

749
1107
1153
2753
2407
7466

750
1107
1153
2753
2470
7466

751
1107
1150
2753
2473
7466

752
1100
1157
2753
2473
7466

753
1150
1157
2703
2473
7466

754
1150
1157
2073
2473
7466

755
1150
1157
2473
2473
7066

756
1150
1157
2473
2473
0766

757
1150
1157
0473
2473
2766

758
1157
1150
0473
2473
2766

759
1157
1153
0473
2470
2766

760
1157
1153
0473
2407
2766

761
1157
1153
0403
2477
2766

762
1107
1153
0453
2477
2766

763
1107
1153
2453
2477
0766

764
1107
1153
2453
2477
7066

765
1107
1153
2453
2477
7660

766
1107
1153
2453
2470
7667

767
1107
1153
2453
2407
7667

768
1107
1103
2453
2457
7667

769
0117
0113
2453
2457
7667

770
0117
2113
2453
0457
7667

771
2117
2113
0453
0457
7667

772
2117
2113
4053
4057
7667

773
2117
2113
4503
4507
7667

774
2117
2113
4503
4570
7667

775
2117
2113
4503
4577
7660

776
2117
2113
4503
4577
7066

777
2117
2113
4503
4577
0766

778
2117
2113
0503
4577
4766

779
2117
2113
0573
4507
4766

780
2117
2113
0573
4570
4766

781
2117
2110
0573
4573
4766

782
2117
2110
4573
4573
0766

783
2117
2110
4573
4573
7066

784
2117
2110
4573
4573
7660

785
2117
2110
4570
4573
7663

786
2117
2110
4507
4573
7663

787
2117
2110
4577
4503
7663

788
2117
2117
4570
4503
7663

789
2117
2117
4573
4503
7660

790
2117
2117
4573
4503
7066

791
2117
2117
4073
4503
7566

792
2117
2117
4703
4503
7566

793
2117
2117
4730
4530
7566

794
2117
2110
4737
4530
7566

795
2117
2110
4730
4537
7566

796
2110
2117
4730
4537
7566

797
2110
2110
4737
4537
7566

798
2011
2011
4737
4537
7566

799
2011
2711
4037
4537
7566

800
2011
2711
4537
4537
7066

801
2011
2711
4537
4537
7660

802
2011
2711
4537
4530
7667

803
2011
2711
4530
4537
7667

804
2711
2011
4530
4537
7667

805
2711
2511
4530
4037
7667

806
2711
2511
4537
4030
7667

807
2711
2511
4537
4037
7660

808
2711
2511
4537
4037
7066

809
2711
2511
4537
4037
0766

810
2711
2511
0537
4037
4766

811
2711
2511
0537
4737
4066

812
2711
2511
0537
4737
4660

813
2711
2511
0537
4730
4667

814
2711
2511
0530
4737
4667

815
2711
2511
4530
4737
0667

816
2711
2511
4530
4737
6607

817
2711
2511
4500
4737
6637

818
2711
2511
4507
4730
6637

819
2711
2511
4507
4737
6630

820
2711
2511
4570
4737
6630

821
2711
2511
4577
4730
6630

822
2711
2511
4577
4703
6603

823
2711
2511
4577
4703
0663

824
2711
2511
0577
4703
4663

825
2711
2511
0577
4073
4663

826
2711
2011
0577
4573
4663

827
0711
2011
2577
4573
4663

828
7011
2011
2577
4573
4663

829
7011
2511
2577
4073
4663

830
7011
2511
2577
4703
4663

831
7011
2511
2507
4773
4663

832
7011
2511
2570
4773
4663

833
7011
2511
2573
4773
4660

834
7011
2511
2573
4773
4066

835
7011
2511
2573
4073
4766

836
7011
2511
2573
4703
4766

837
7011
2511
2503
4773
4766

838
0711
2511
2503
4773
4766

839
2711
2511
0503
4773
4766

840
2711
2511
0573
4703
4766

841
2711
2511
0573
4073
4766

842
2711
2011
0573
4573
4766

843
2711
2011
4573
4573
0766

844
2711
2011
4573
4573
7066

845
2711
2011
4573
4573
7660

846
2711
2011
4570
4573
7663

847
2711
2011
4507
4573
7663

848
2711
2011
4577
4503
7663

849
2711
2511
4577
4003
7663

850
2711
2511
4577
4663
7003

851
2711
2511
4577
4663
0703

852
2711
2511
4577
4663
0073

853
2711
2511
0577
4663
4073

854
0711
2511
2577
4663
4073

855
0711
2511
2577
4663
4703

856
7011
2511
2577
4663
4703

857
7511
2511
2077
4663
4703

858
7511
2511
2077
4663
4073

859
7511
2511
2707
4663
4073

860
7511
2511
2770
4663
4073

861
7511
2511
2773
4663
4070

862
7511
2511
2773
4663
4007

863
7511
2511
2773
4003
4667

864
7511
2511
2703
4073
4667

865
7511
2511
2703
4703
4667

866
7511
2511
2730
4730
4667

867
7511
2511
2730
4737
4660

868
7511
2511
2730
4737
4066

869
7511
2511
2730
4037
4766

870
7511
2511
2030
4737
4766

871
7511
2511
2037
4730
4766

872
7011
2511
2537
4730
4766

873
0711
2511
2537
4730
4766

874
0711
2511
2530
4737
4766

875
2711
2511
0530
4737
4766

876
2711
2511
4530
4737
0766

877
2711
2511
4530
4737
7066

878
2711
2511
4530
4737
7660

879
2711
2511
4530
4730
7667

880
2711
2511
4503
4703
7667

881
2711
2511
4503
4073
7667

882
2711
2511
4573
4003
7667

883
2711
2511
4573
4663
7007

884
2711
2511
4573
4663
7070

885
2711
2511
4570
4663
7073

886
2711
2511
4570
4663
0773

887
2711
2511
0570
4663
4773

888
2711
2511
0507
4663
4773

889
0711
2511
2507
4663
4773

890
7011
2511
2507
4663
4773

891
7511
2511
2007
4663
4773

892
7511
2511
2667
4003
4773

893
7511
2511
2667
4073
4703

894
7511
2511
2667
4073
4073

895
7511
2511
2667
0473
0473

896
7511
0511
2667
2473
0473

897
7511
0511
0667
2473
2473

898
7511
0511
6607
2473
2473

899
7511
0511
6670
2473
2473

900
7511
0511
6673
2473
2470

901
7511
0511
6673
2473
2407

902
7511
0511
6673
2403
2477

903
7511
0511
6603
2473
2477

904
7511
0511
0663
2473
2477

905
7511
0511
2663
2473
0477

906
7511
2511
2663
0473
0477

907
7511
2511
2663
4073
4077

908
7511
2511
2663
4073
4707

909
7511
2511
2663
4073
4770

910
7511
2511
2660
4073
4773

911
7511
2511
2660
4703
4773

912
7511
2511
2660
4773
4703

913
7511
2511
2066
4773
4703

914
7511
2511
2066
4773
4073

915
7511
2511
2766
4073
4073

916
7511
2511
2766
0473
0473

917
7511
0511
2766
2473
0473

918
7511
0511
0766
2473
2473

919
7511
0511
7066
2473
2473

920
7511
0511
7660
2473
2473

921
7511
0511
7663
2473
2470

922
7511
0511
7663
2473
2407

923
7511
0511
7663
2403
2477

924
7511
7511
0663
2403
2477

925
7511
7511
6603
2403
2477

926
7511
7511
6603
2473
2407

927
7511
7511
6603
2473
2470

928
7511
7511
6600
2473
2473

929
7511
7511
6670
2403
2473

930
7511
7511
6670
2473
2403

931
7511
7511
6607
2473
2403

932
7511
7511
6677
2403
2403

933
7511
7511
6677
2430
2430

934
7511
7511
6670
2437
2430

935
7511
7511
6670
2430
2437

936
7511
7511
6607
2430
2437

937
7511
7511
6600
2437
2437

938
7511
7511
0660
2437
2437

939
7511
7511
0066
2437
2437

940
7511
7511
0466
2437
2037

941
7511
0511
7466
2437
2037

942
0511
7511
7466
2437
2037

943
0511
7511
7066
2437
2437

944
0511
7511
0766
2437
2437

945
0511
7511
2766
2437
0437

946
7511
0511
2766
2437
0437

947
7511
2511
2766
0437
0437

948
7511
2511
2766
4037
4037

949
7511
2511
2066
4737
4037

950
7511
2511
2066
4037
4737

951
7011
2511
2566
4037
4737

952
7011
2011
2566
4537
4737

953
0711
2011
2566
4537
4737

954
0011
2711
2566
4537
4737

955
2011
2711
0566
4537
4737

956
2011
2711
4566
4537
0737

957
2011
2711
4566
4537
7037

958
2011
2711
4066
4537
7537

959
2011
2011
4766
4537
7537

960
0211
0211
4766
4537
7537

961
0211
4211
4766
0537
7537

962
0211
4211
4766
7537
0537

963
4211
4211
0766
7537
0537

964
4211
4211
7066
7537
0537

965
4211
4211
7066
0537
7537

966
4211
4211
0066
7537
7537

967
4211
4211
0660
7537
7537

968
4211
4211
0667
7530
7537

969
4211
4211
0667
7537
7530

970
4211
4211
6607
7537
7530

971
4211
4211
6670
7537
7530

972
4211
4211
6677
7530
7530

973
4211
4211
6677
7503
7503

974
4211
4211
6677
7053
7053

975
4211
4211
6677
7053
0753

976
4211
4211
6677
0053
7753

977
4211
4211
0077
6653
7753

978
4211
4211
0707
6653
7753

979
4211
4211
0770
6653
7753

980
4211
4211
0773
6653
7750

981
4211
4211
7073
6653
7750

982
4211
4211
7703
6653
7750

983
4211
4211
7700
6653
7753

984
4211
4211
7750
6653
7703

985
4211
4211
7750
6653
7073

986
4211
4211
7750
6653
0773

987
4211
4211
7753
6653
0770

988
4211
4211
7753
6653
0707

989
4211
4211
7753
6653
0077

990
4211
4211
7753
0053
6677

991
4211
4211
7053
0753
6677

992
4211
4211
7053
7053
6677

993
4211
4211
7503
7503
6677

994
4211
4211
7503
7573
6607

995
4211
4211
7503
7573
6670

996
4211
4211
7500
7573
6673

997
4211
4211
7570
7503
6673

998
4211
4211
7570
7573
6603

999
4211
4211
7570
7573
0663

1000
4211
4211
7570
0573
7663

1001
4211
4211
0570
7573
7663

1002
4211
4211
0507
7573
7663

1003
4211
4211
0577
7503
7663

1004
4211
4211
7577
0503
7663

1005
4211
4211
7577
7503
0663

1006
4211
4211
7577
7503
6603

1007
4211
4211
7577
7530
6630

1008
4211
4211
7570
7537
6630

1009
4211
4211
7570
7530
6637

1010
4211
4211
7507
7530
6637

1011
4211
4211
7500
7537
6637

1012
4211
4211
7530
7537
6607

1013
4211
4211
7530
7537
0667

1014
4211
4211
7530
0537
7667

1015
4211
4211
0530
7537
7667

1016
4211
4211
0537
7530
7667

1017
4211
4211
0537
7537
7660

1018
4211
4211
0537
7537
7066

1019
4211
4211
0537
7537
0766

1020
4211
4211
0537
0537
7766

1021
4211
4211
5037
5037
7766

1022
4211
4211
5307
5307
7766

1023
4211
4211
5307
5370
7766

1024
4211
4211
5377
5300
7766

1025
4211
4211
5377
5366
7700

1026
4211
4211
5377
5366
7070

1027
4211
4211
5377
5366
7007

1028
4211
4211
5377
5366
0707

1029
4211
4211
5377
5366
0077

1030
4211
4211
5077
5366
0377

1031
4211
4211
0077
5366
5377

1032
4211
4211
0707
5366
5377

1033
4211
4211
0770
5366
5377

1034
4211
4211
7070
5366
5377

1035
4211
4211
7700
5366
5377

1036
4211
4211
7766
5300
5377

1037
4211
4211
7766
5307
5370

1038
4211
4211
7766
5307
5307

1039
4211
4211
7766
5037
5037

1040
4211
4211
7066
5737
5037

1041
4211
4211
7066
5037
5737

1042
4211
4211
0766
5037
5737

1043
4211
4211
0066
5737
5737

1044
4211
4211
0660
5737
5737

1045
4211
4211
0667
5730
5737

1046
4211
4211
0667
5737
5730

1047
4211
4211
6607
5737
5730

1048
4211
4211
6670
5737
5730

1049
4211
4211
6677
5730
5730

1050
4211
4211
6677
5703
5703

1051
4211
4211
6677
5703
5073

1052
4211
4211
6677
5003
5773

1053
4211
4211
6607
5073
5773

1054
4211
4211
6607
5703
5773

1055
4211
4211
6670
5703
5773

1056
4211
4211
6670
5773
5703

1057
4211
4211
6670
5773
5073

1058
4211
4211
6673
5773
5070

1059
4211
4211
6673
5773
5007

1060
4211
4211
6673
5703
5077

1061
4211
4211
6673
5703
5707

1062
4211
4211
6603
5773
5707

1063
4211
4211
6603
5773
5770

1064
4211
4211
0663
5773
5770

1065
4211
4211
0660
5773
5773

1066
4211
4211
0066
5773
5773

1067
4211
4211
0766
5073
5773

1068
4211
4211
0766
5703
5773

1069
4211
4211
0766
5773
5703

1070
4211
4211
7066
5773
5703

1071
4211
4211
7066
5773
5073

1072
4211
4211
7660
5773
5073

1073
4211
4211
7660
5073
5773

1074
4211
4211
7660
5703
5773

1075
4211
4211
7663
5703
5770

1076
4211
4211
7663
5703
5707

1077
4211
4211
7663
5703
5077

1078
4211
4211
7663
5003
5777

1079
4211
4211
7003
5663
5777

1080
4211
4211
0703
5663
5777

1081
4211
4211
0073
5663
5777

1082
4011
4211
0273
5663
5777

1083
4011
4211
5273
5663
0777

1084
4011
4211
5273
5663
7077

1085
4011
4211
5273
5663
7707

1086
4011
4211
5273
5663
7770

1087
4011
4211
5270
5663
7773

1088
4011
4211
5207
5663
7773

1089
4211
4211
5007
5663
7773

1090
4211
4211
5667
5003
7773

1091
4211
4211
5667
5073
7703

1092
4211
4211
5667
5703
7703

1093
4211
4211
5667
5730
7730

1094
4211
4211
5660
5737
7730

1095
4211
4211
5660
5730
7737

1096
4211
4211
5066
5730
7737

1097
4211
4211
5766
5030
7737

1098
4211
4211
5766
5037
7730

1099
4211
4211
5766
5737
7030

1100
4211
4211
5766
5737
0730

1101
4211
4211
5766
5730
0737

1102
4211
4211
0766
5730
5737

1103
4211
4211
7066
5730
5737

1104
4211
4211
7066
5737
5730

1105
4211
4211
7660
5737
5730

1106
4211
4211
7667
5730
5730

1107
4211
4211
7667
5703
5703

1108
4211
4211
7667
5703
5073

1109
4211
4211
7667
5003
5773

1110
4211
4211
7007
5663
5773

1111
4211
4211
7070
5663
5773

1112
4211
4211
7073
5663
5770

1113
4211
4211
7073
5663
5707

1114
4211
4211
7073
5663
5077

1115
4211
4211
0773
5663
5077

1116
4211
4211
5773
5663
0077

1117
4211
4211
5773
5663
0707

1118
4211
4211
5773
5663
7007

1119
4211
4211
5773
5003
7667

1120
4211
4211
5703
5073
7667

1121
4211
4211
5703
5703
7667

1122
4211
4211
5730
5730
7667

1123
4211
4211
5730
5737
7660

1124
4211
4211
5730
5737
7066

1125
4211
4211
5730
5737
0766

1126
4211
4211
0730
5737
5766

1127
4211
4211
0737
5730
5766

1128
4211
4211
7037
5730
5766

1129
4211
4211
7737
5030
5766

1130
4211
4211
7730
5037
5766

1131
4211
4211
7730
5737
5066

1132
4211
4211
7730
5737
5660

1133
4211
4211
7730
5730
5667

1134
4211
4211
7703
5703
5667

1135
4211
4211
7703
5073
5667

1136
4211
4211
7003
5773
5667

1137
4011
4211
7203
5773
5667

1138
4011
4211
7273
5703
5667

1139
4011
4211
7273
5073
5667

1140
4011
4011
7273
5273
5667

1141
4110
4110
7273
5273
5667

1142
4110
4113
7273
5270
5667

1143
4110
4113
7273
5207
5667

1144
4110
4113
7203
5277
5667

1145
4113
4113
7200
5277
5667

1146
4113
4113
7207
5270
5667

1147
4113
4113
7207
5207
5667

1148
4113
4113
7027
5027
5667

1149
4113
4113
0727
5027
5667

1150
4113
4113
0027
5727
5667

1151
4113
4113
5027
5727
0667

1152
4113
4113
5027
5727
6607

1153
4113
4113
5007
5727
6627

1154
4113
4113
5070
5727
6627

1155
4113
4113
5077
5720
6627

1156
4113
4113
5077
5727
6620

1157
4113
4113
5707
5727
6620

1158
4113
4113
5770
5727
6620

1159
4113
4113
5770
5720
6627

1160
4110
4113
5773
5720
6627

1161
4110
4110
5773
5723
6627

1162
4011
4011
5773
5723
6627

1163
4011
4711
5073
5723
6627

1164
4011
4711
5703
5723
6627

1165
4011
4711
5723
5723
6607

1166
4011
4711
5723
5723
6670

1167
4011
4711
5720
5723
6673

1168
4711
4011
5720
5723
6673

1169
4711
4711
5020
5723
6673

1170
4711
4711
5023
5723
6670

1171
4711
4711
5023
5723
6607

1172
4711
4711
5003
5723
6627

1173
4711
4711
5703
5023
6627

1174
4711
4711
5073
5023
6627

1175
4711
4711
0573
0523
6627

1176
0711
4711
4573
0523
6627

1177
0711
0711
4573
4523
6627

1178
0711
7011
4573
4523
6627

1179
7011
7011
4573
4523
6627

1180
7110
7110
4573
4523
6627

1181
7110
7113
4573
4520
6627

1182
7110
7113
4573
4527
6620

1183
7113
7113
4570
4527
6620

1184
7113
7113
4507
4527
6620

1185
7113
7113
4507
4520
6627

1186
7113
7113
4500
4527
6627

1187
7110
7113
4503
4527
6627

1188
7110
7113
4523
4527
6607

1189
7110
7113
4523
4527
6670

1190
7110
7113
4523
4520
6677

1191
7110
7110
4523
4523
6677

1192
7011
7011
4523
4523
6677

1193
7011
0711
4523
4523
6677

1194
7011
4711
4523
0523
6677

1195
0711
4711
4523
0523
6677

1196
4711
4711
0523
0523
6677

1197
4711
4711
5023
5023
6677

1198
4711
4011
5723
5023
6677

1199
4711
4011
5023
5723
6677

1200
4011
4711
5023
5723
6677

1201
4011
4011
5723
5723
6677

1202
4110
4110
5723
5723
6677

1203
4110
4113
5723
5720
6677

1204
4110
4113
5723
5727
6670

1205
4110
4113
5723
5727
6607

1206
4110
4113
5723
5727
0667

1207
4110
4113
0723
5727
5667

1208
4110
4113
7023
5727
5667

1209
4110
4113
7723
5027
5667

1210
4113
4113
7720
5027
5667

1211
4113
4113
7727
5020
5667

1212
4113
4113
7727
5027
5660

1213
4113
4113
7727
5027
5066

1214
4113
4113
7727
0527
0566

1215
4113
4113
0727
7527
0566

1216
4113
4113
0727
0527
7566

1217
4113
4113
7027
0527
7566

1218
4113
4113
0027
7527
7566

1219
4113
4113
0527
7527
7066

1220
4113
4113
0527
7527
0766

1221
4113
4113
0527
0527
7766

1222
0113
4113
4527
0527
7766

1223
0113
0113
4527
4527
7766

1224
1103
1103
4527
4527
7766

1225
1130
1130
4527
4527
7766

1226
1130
1137
4520
4527
7766

1227
1130
1137
4527
4520
7766

1228
1137
1130
4527
4520
7766

1229
1137
1137
4520
4520
7766

1230
1137
1137
4502
4502
7766

1231
1137
1137
4052
4052
7766

1232
1137
1137
4052
4752
7066

1233
1137
1137
4052
4752
0766

1234
1137
1137
0052
4752
4766

1235
1137
1137
0752
4052
4766

1236
1137
1137
0752
4752
4066

1237
1137
1137
0752
4752
4660

1238
1137
1137
0750
4752
4662

1239
1137
1130
0757
4752
4662

1240
1137
1130
7057
4752
4662

1241
1137
1130
7757
4052
4662

1242
1137
1137
7750
4052
4662

1243
1137
1137
7752
4052
4660

1244
1137
1137
7752
4052
4066

1245
1137
1137
7752
0452
0466

1246
1137
1137
0752
7452
0466

1247
1137
1137
0752
0452
7466

1248
1137
1137
7052
0452
7466

1249
1137
1137
0052
7452
7466

1250
1137
1137
0452
7452
7066

1251
1137
1137
0452
7452
7660

1252
1137
1137
0450
7452
7662

1253
1137
1130
0457
7452
7662

1254
1137
1130
7457
0452
7662

1255
1137
1130
7457
7452
0662

1256
1137
1130
7457
7452
6602

1257
1137
1130
7407
7452
6652

1258
1137
1130
7470
7452
6652

1259
1137
1130
7472
7452
6650

1260
1137
1132
7472
7450
6650

1261
1137
1132
7472
7405
6605

1262
1137
1132
7472
7405
0665

1263
1137
1132
7472
0405
7665

1264
1137
1132
7402
0475
7665

1265
1107
1132
7432
0475
7665

1266
1107
1132
7432
7475
0665

1267
1107
1132
7432
7475
6605

1268
1107
1132
7432
7405
6675

1269
1107
1102
7432
7435
6675

1270
0117
0112
7432
7435
6675

1271
0117
7112
0432
7435
6675

1272
0117
7112
7432
0435
6675

1273
7117
0112
7432
0435
6675

1274
7117
7112
0432
0435
6675

1275
7117
7112
4032
4035
6675

1276
7117
7112
4302
4305
6675

1277
7117
7112
4302
4375
6605

1278
7117
7112
4372
4305
6605

1279
7117
7112
4372
4350
6650

1280
7117
7110
4372
4352
6650

1281
7117
7110
4370
4352
6652

1282
7110
7117
4370
4352
6652

1283
7110
7110
4377
4352
6652

1284
7011
7011
4377
4352
6652

1285
7011
0711
4377
4352
6652

1286
7011
4711
4377
0352
6652

1287
0711
4711
4377
0352
6652

1288
4711
4711
0377
0352
6652

1289
4711
4711
3077
3052
6652

1290
4711
4711
3707
3052
6652

1291
4711
4711
3007
3752
6652

1292
4711
4711
3070
3752
6652

1293
4711
4711
3072
3752
6650

1294
4711
4011
3772
3752
6650

1295
4011
4711
3772
3752
6650

1296
4011
4711
3770
3752
6652

1297
4011
4711
3707
3752
6652

1298
4011
4711
3077
3752
6652

1299
4011
4011
3777
3752
6652

1300
4110
4110
3777
3752
6652

1301
4110
4117
3770
3752
6652

1302
4110
4117
3707
3752
6652

1303
4110
4117
3077
3752
6652

1304
4110
4117
3777
3052
6652

1305
4117
4110
3777
3052
6652

1306
4117
4117
3770
3052
6652

1307
4117
4117
3070
3752
6652

1308
4117
4117
3007
3752
6652

1309
4007
4117
3117
3752
6652

1310
4070
4117
3117
3752
6652

1311
4077
4110
3117
3752
6652

1312
4077
4117
3110
3752
6652

1313
4077
4117
3112
3752
6650

1314
4707
4117
3112
3752
6650

1315
4770
4117
3112
3752
6650

1316
4770
4117
3110
3752
6652

1317
4777
4110
3110
3752
6652

1318
4777
4011
3011
3752
6652

1319
4777
4011
3711
3052
6652

1320
4777
4711
3011
3052
6652

1321
4777
4711
0311
0352
6652

1322
0777
4711
4311
0352
6652

1323
0777
0711
4311
4352
6652

1324
0777
7011
4311
4352
6652

1325
0777
7311
4311
4052
6652

1326
7077
7311
4311
4052
6652

1327
7707
7311
4311
4052
6652

1328
7707
7011
4311
4352
6652

1329
7707
0711
4311
4352
6652

1330
0707
7711
4311
4352
6652

1331
0770
7711
4311
4352
6652

1332
7070
7711
4311
4352
6652

1333
7700
7711
4311
4352
6652

1334
7711
7711
4300
4352
6652

1335
7711
7711
4302
4352
6650

1336
7711
7711
4352
4352
6600

1337
7711
7711
4352
4352
0660

1338
7711
7711
4352
4352
0066

1339
7711
7711
4052
4352
0366

1340
7711
7711
0052
4352
4366

1341
7711
7011
0752
4352
4366

1342
7711
7011
7052
4352
4366

1343
7711
7011
7352
4352
4066

1344
7711
7311
7352
4052
4066

1345
7711
7311
7352
0452
0466

1346
7711
7311
0352
7452
0466

1347
7711
7311
0352
0452
7466

1348
7711
0311
7352
0452
7466

1349
7711
0311
0352
7452
7466

1350
7711
3011
3052
7452
7466

1351
7711
3011
3452
7452
7066

1352
7711
3011
3452
7452
7660

1353
7711
3011
3450
7452
7662

1354
7711
3411
3450
7052
7662

1355
7711
3411
3450
0752
7662

1356
7711
0411
3450
3752
7662

1357
0711
7411
3450
3752
7662

1358
7011
7411
3450
3752
7662

1359
7011
7411
3452
3752
7660

1360
7411
7411
3052
3752
7660

1361
7411
7411
3052
3752
7066

1362
7411
7411
3052
3752
0766

1363
7411
7411
0052
3752
3766

1364
7411
7411
0752
3052
3766

1365
7411
7411
0752
3752
3066

1366
7411
7411
0752
3752
3660

1367
7411
7411
0750
3752
3662

1368
7411
7411
7050
3752
3662

1369
7411
7411
7750
3052
3662

1370
7411
7411
7752
3052
3660

1371
7411
7411
7752
3052
3066

1372
7411
7411
7752
0352
0366

1373
7411
7411
0752
7352
0366

1374
7411
7411
0752
0352
7366

1375
7411
7411
7052
0352
7366

1376
7411
7411
0052
7352
7366

1377
7411
7411
0352
7352
7066

1378
7411
7411
0352
7352
7660

1379
7411
7411
0350
7352
7662

1380
7411
0411
7350
7352
7662

1381
0411
7411
7350
7352
7662

1382
0411
7411
7352
7352
7660

1383
0411
7411
7352
7352
7066

1384
0411
7411
7052
7352
7366

1385
0411
7411
0752
7352
7366

1386
0411
0411
7752
7352
7366

1387
4011
4011
7752
7352
7366

1388
4011
4711
7052
7352
7366

1389
4011
4711
7352
7352
7066

1390
4011
4711
7352
7352
7660

1391
4011
4711
7350
7352
7662

1392
4711
4011
7350
7352
7662

1393
4711
4311
7350
7052
7662

1394
4711
4311
7350
0752
7662

1395
4711
4311
7350
7752
0662

1396
4711
4311
7352
7752
0660

1397
4711
4311
7352
7752
0066

1398
4711
4311
7352
7052
0766

1399
4711
4311
7352
0052
7766

1400
4711
4011
7352
0352
7766

1401
4711
4011
0352
7352
7766

1402
0711
4011
4352
7352
7766

1403
7011
4011
4352
7352
7766

1404
7110
4110
4352
7352
7766

1405
7110
4112
4352
7350
7766

1406
7112
4112
4350
7350
7766

1407
7112
4112
4305
7305
7766

1408
7112
4112
4035
7035
7766

1409
7112
4112
4035
0735
7766

1410
7112
4112
4035
7735
0766

1411
7112
4112
4735
7035
0766

1412
7112
4112
4735
7035
7066

1413
7112
4112
4735
7035
7660

1414
7112
4112
4730
7035
7665

1415
7112
4112
4730
0735
7665

1416
7112
4112
4730
7735
0665

1417
7112
4112
4730
7735
6605

1418
7112
4112
4700
7735
6635

1419
7112
4112
4705
7735
6630

1420
7112
4112
4075
7735
6630

1421
7112
4112
4775
7035
6630

1422
7112
4112
4770
7035
6635

1423
7112
4112
4770
0735
6635

1424
7112
0112
4770
4735
6635

1425
7112
0112
4707
4735
6635

1426
7112
0112
4737
4735
6605

1427
7112
0112
4737
4735
0665

1428
7112
0112
0737
4735
4665

1429
7112
0112
7037
4735
4665

1430
7112
0112
7737
4035
4665

1431
7112
7112
0737
4035
4665

1432
7112
7112
4737
4035
0665

1433
7112
7112
4737
4035
6605

1434
7112
7112
4707
4035
6635

1435
7112
7112
4007
4735
6635

1436
7112
7112
4070
4735
6635

1437
7112
7112
4075
4735
6630

1438
7112
7112
4705
4735
6630

1439
7112
7112
4735
4735
6600

1440
7112
7112
4735
4735
0660

1441
7112
7112
4735
4735
0066

1442
7112
7112
4735
4035
0766

1443
7112
7112
0735
4035
4766

1444
7112
7112
7035
4035
4766

1445
7112
7112
7305
4305
4766

1446
7112
7112
7350
4350
4766

1447
7110
7112
7352
4350
4766

1448
7110
7110
7352
4352
4766

1449
7011
7011
7352
4352
4766

1450
7011
0711
7352
4352
4766

1451
7011
7711
0352
4352
4766

1452
7011
7711
4352
4352
0766

1453
7011
7711
4352
4352
7066

1454
7011
7711
4352
4352
7660

1455
7011
7711
4350
4352
7662

1456
0711
7711
4350
4352
7662

1457
7711
0711
4350
4352
7662

1458
7711
0711
4352
4352
7660

1459
7711
0711
4352
4352
7066

1460
7711
0711
4052
4352
7366

1461
7711
0011
4752
4352
7366

1462
7011
0711
4752
4352
7366

1463
7011
7011
4752
4352
7366

1464
7110
7110
4752
4352
7366

1465
7110
7112
4752
4350
7366

1466
7112
7112
4750
4350
7366

1467
7112
7112
4705
4305
7366

1468
7112
7112
4075
4305
7366

1469
7112
7112
4005
4375
7366

1470
7002
7112
4115
4375
7366

1471
0702
7112
4115
4375
7366

1472
0072
7112
4115
4375
7366

1473
7072
0112
4115
4375
7366

1474
7072
4112
4115
0375
7366

1475
7072
4112
4115
7375
0366

1476
0772
4112
4115
7375
0366

1477
4772
4112
0115
7375
0366

1478
4772
4112
7115
0375
0366

1479
4772
4112
7115
3075
3066

1480
4772
4112
7115
3705
3066

1481
4772
4112
7115
3005
3766

1482
4772
4002
7115
3115
3766

1483
4702
4072
7115
3115
3766

1484
4702
4702
7115
3115
3766

1485
4720
4720
7115
3115
3766

1486
4720
4725
7115
3110
3766

1487
4725
4725
7110
3110
3766

1488
4725
4725
7011
3011
3766

1489
4725
4725
7011
3711
3066

1490
4725
4725
7011
3711
3660

1491
4725
4725
0711
3711
3660

1492
4725
4725
3711
3711
0660

1493
4725
4725
3711
3711
0066

1494
4725
4725
3711
3011
0766

1495
4725
4725
3711
3011
7066

1496
4725
4725
3711
3011
7660

1497
4725
4725
3011
3711
7660

1498
4725
4025
3711
3711
7660

1499
4725
4025
3711
3711
7066

1500
4725
4025
3711
3711
0766

1501
4725
4025
0711
3711
3766

1502
4725
4025
7011
3711
3766

1503
4025
4725
7011
3711
3766

1504
4025
4025
7711
3711
3766

1505
0425
0425
7711
3711
3766

1506
0425
7425
0711
3711
3766

1507
0425
7425
7011
3711
3766

1508
0425
7425
7711
3011
3766

1509
0425
7425
7711
3711
3066

1510
0425
7425
7711
3711
3660

1511
7425
0425
7711
3711
3660

1512
7425
7425
0711
3711
3660

1513
7425
7425
0711
3711
3066

1514
7425
7425
0711
3011
3766

1515
7425
7425
0011
3711
3766

1516
7025
7425
0411
3711
3766

1517
7025
7425
3411
3711
0766

1518
7025
7425
3411
3711
7066

1519
7025
7425
3411
3711
7660

1520
0725
7425
3411
3711
7660

1521
7725
0425
3411
3711
7660

1522
7725
0425
3411
3711
7066

1523
7725
0425
3411
3711
0766

1524
7725
0425
0411
3711
3766

1525
7725
4025
4011
3711
3766

1526
7725
4025
4711
3011
3766

1527
7725
4025
4711
3711
3066

1528
7725
4025
4711
3711
3660

1529
7725
4725
4011
3711
3660

1530
7725
4725
4711
3011
3660

1531
7725
4725
4711
3011
3066

1532
7725
4725
4711
0311
0366

1533
7725
0725
4711
4311
0366

1534
7725
0725
0711
4311
4366

1535
7725
0725
7011
4311
4366

1536
7725
0725
7311
4311
4066

1537
7725
0725
7311
4311
4660

1538
7725
7025
7311
4311
4660

1539
7725
7325
7311
4011
4660

1540
7725
7325
7311
4011
4066

1541
7725
7325
7311
0411
0466

1542
7725
7325
0311
7411
0466

1543
7725
7325
0311
0411
7466

1544
7725
0325
7311
0411
7466

1545
7725
0325
0311
7411
7466

1546
7725
3025
3011
7411
7466

1547
7725
3025
3411
7411
7066

1548
7725
3025
3411
7411
7660

1549
7025
3725
3411
7411
7660

1550
0725
3725
3411
7411
7660

1551
0725
3725
3411
7411
7066

1552
0725
3725
3411
7411
0766

1553
0725
3725
3411
0411
7766

1554
0725
0725
3411
3411
7766

1555
0725
7025
3411
3411
7766

1556
7725
0025
3411
3411
7766

1557
7725
3025
3411
0411
7766

1558
7725
3425
3411
0011
7766

1559
7725
3425
3411
7011
0766

1560
7725
3425
3411
7711
0066

1561
7725
3425
3411
7711
0660

1562
7725
3425
3411
7711
6600

1563
7725
3425
3400
7711
6611

1564
7720
3425
3405
7711
6611

1565
7700
3425
3425
7711
6611

1566
7070
3425
3425
7711
6611

1567
7007
3425
3425
7711
6611

1568
7027
3425
3405
7711
6611

1569
0727
3425
3405
7711
6611

1570
3727
3425
0405
7711
6611

1571
3707
3425
0425
7711
6611

1572
3707
3425
7425
0711
6611

1573
3707
3425
7425
7011
6611

1574
3707
3025
7425
7411
6611

1575
3007
3725
7425
7411
6611

1576
3070
3725
7425
7411
6611

1577
3075
3725
7420
7411
6611

1578
3705
3725
7420
7411
6611

1579
3725
3725
7400
7411
6611

1580
3725
3725
7411
7411
6600

1581
3725
3725
7411
7411
0660

1582
3725
3725
7411
7411
0066

1583
3725
3725
7011
7411
0466

1584
3725
3725
7011
0411
7466

1585
3725
3725
0011
7411
7466

1586
3725
3025
0711
7411
7466

1587
3725
3025
7011
7411
7466

1588
3725
3025
7411
7411
7066

1589
3725
3025
7411
7411
7660

1590
3725
3425
7411
7011
7660

1591
3725
3425
7411
0711
7660

1592
3725
3425
7411
0711
7066

1593
3725
3425
7411
0711
0766

1594
3725
3425
0411
7711
0766

1595
3725
3425
0411
0711
7766

1596
3725
3425
0411
7011
7766

1597
3725
3025
0411
7411
7766

1598
0725
3025
3411
7411
7766

1599
7025
3025
3411
7411
7766

1600
7025
3425
3411
7011
7766

1601
7025
3425
3411
0711
7766

1602
7025
3425
3411
7711
0766

1603
7425
3425
3011
7711
0766

1604
7425
3425
3011
7711
7066

1605
7425
3425
3011
7711
7660

1606
7425
3425
3711
7011
7660

1607
7425
3425
3711
0711
7660

1608
7425
3425
3711
7711
0660

1609
7425
3425
3711
7711
6600

1610
7425
3425
3700
7711
6611

1611
7420
3425
3705
7711
6611

1612
7420
3425
3075
7711
6611

1613
7420
3425
3775
7011
6611

1614
7420
3425
3775
0711
6611

1615
7420
0425
3775
3711
6611

1616
0420
7425
3775
3711
6611

1617
0425
7425
3770
3711
6611

1618
0425
7425
3707
3711
6611

1619
0425
7425
3077
3711
6611

1620
0425
7425
3777
3011
6611

1621
7425
0425
3777
3011
6611

1622
7425
3425
3777
0011
6611

1623
7425
3425
3077
0711
6611

1624
7425
3425
3077
7011
6611

1625
7425
3425
3707
7011
6611

1626
7425
3425
3007
7711
6611

1627
7405
3425
3027
7711
6611

1628
7005
3425
3427
7711
6611

1629
0705
3425
3427
7711
6611

1630
0075
3425
3427
7711
6611

1631
0475
3425
3027
7711
6611

1632
0475
3425
3727
7011
6611

1633
0475
3425
3727
0711
6611

1634
0475
0425
3727
3711
6611

1635
4075
4025
3727
3711
6611

1636
4075
4725
3027
3711
6611

1637
4075
4725
3727
3011
6611

1638
4705
4725
3727
3011
6611

1639
4725
4725
3707
3011
6611

1640
4725
4725
3007
3711
6611

1641
4725
4725
3070
3711
6611

1642
4720
4725
3075
3711
6611

1643
4720
4725
3705
3711
6611

1644
4700
4725
3725
3711
6611

1645
4705
4725
3720
3711
6611

1646
4075
4725
3720
3711
6611

1647
4775
4025
3720
3711
6611

1648
4770
4025
3725
3711
6611

1649
4770
4725
3025
3711
6611

1650
4770
4725
3725
3011
6611

1651
4707
4725
3725
3011
6611

1652
4077
4725
3725
3011
6611

1653
4077
4725
3025
3711
6611

1654
4777
4025
3025
3711
6611

1655
4777
4205
3205
3711
6611

1656
4777
4250
3250
3711
6611

1657
4770
4257
3250
3711
6611

1658
4770
4250
3257
3711
6611

1659
4707
4250
3257
3711
6611

1660
4700
4257
3257
3711
6611

1661
4070
4257
3257
3711
6611

1662
4007
4257
3257
3711
6611

1663
4057
4257
3207
3711
6611

1664
4057
4257
3270
3711
6611

1665
4057
4250
3277
3711
6611

1666
4050
4257
3277
3711
6611

1667
4250
4257
3077
3711
6611

1668
4250
4257
3707
3711
6611

1669
4250
4257
3770
3711
6611

1670
4250
4250
3777
3711
6611

1671
4205
4205
3777
3711
6611

1672
4205
4275
3707
3711
6611

1673
4205
4275
3770
3711
6611

1674
4200
4275
3775
3711
6611

1675
4270
4205
3775
3711
6611

1676
4270
4275
3705
3711
6611

1677
4270
4275
3075
3711
6611

1678
4270
4275
3775
3011
6611

1679
4207
4275
3775
3011
6611

1680
4277
4205
3775
3011
6611

1681
4277
4205
3075
3711
6611

1682
4277
4205
3705
3711
6611

1683
4277
4250
3750
3711
6611

1684
4270
4257
3750
3711
6611

1685
4207
4257
3750
3711
6611

1686
4257
4257
3700
3711
6611

1687
4257
4257
3711
3711
6600

1688
4257
4257
3711
3711
0660

1689
4257
4257
3711
3711
0066

1690
4257
4257
3711
3011
0766

1691
4257
4257
3711
3011
7066

1692
4257
4257
3711
3011
7660

1693
4257
4257
3011
3711
7660

1694
4057
4257
3211
3711
7660

1695
4057
4257
3211
3711
7066

1696
4057
4257
3211
3011
7766

1697
4057
4057
3211
3211
7766

1698
0457
0457
3211
3211
7766

1699
0457
3457
3211
0211
7766

1700
0457
3457
3211
7211
0766

1701
0457
3457
3211
7211
7066

1702
0457
3457
3211
7211
7660

1703
3457
3457
0211
7211
7660

1704
3457
3457
7211
0211
7660

1705
3457
3457
7211
0211
7066

1706
3457
3457
7011
0211
7266

1707
3457
3457
7011
7211
0266

1708
3457
3457
0711
7211
0266

1709
3457
3457
7711
0211
0266

1710
3457
3457
7711
2011
2066

1711
3457
3457
7711
2011
2660

1712
3457
3457
7011
2711
2660

1713
3057
3457
7411
2711
2660

1714
3057
3457
7411
2711
2066

1715
3057
3457
7411
2011
2766

1716
3057
3057
7411
2411
2766

1717
0357
0357
7411
2411
2766

1718
0357
7357
0411
2411
2766

1719
0357
7357
2411
2411
0766

1720
0357
7357
2411
2411
7066

1721
0357
7357
2411
2411
7660

1722
7357
0357
2411
2411
7660

1723
7357
2357
2411
0411
7660

1724
7357
2357
2411
0411
7066

1725
7357
2357
2011
0411
7466

1726
7357
2357
2011
7411
0466

1727
7057
2357
2311
7411
0466

1728
0757
2357
2311
7411
0466

1729
2757
2357
0311
7411
0466

1730
2757
2357
7311
0411
0466

1731
2757
2357
7311
4011
4066

1732
2757
2357
7311
4011
4660

1733
2757
2057
7311
4311
4660

1734
2057
2757
7311
4311
4660

1735
2057
2757
7311
4311
4066

1736
2057
2757
7011
4311
4366

1737
2057
2757
0711
4311
4366

1738
2057
2757
4711
4311
0366

1739
2757
2057
4711
4311
0366

1740
2757
2757
4011
4311
0366

1741
2757
2757
0011
4311
4366

1742
2757
2757
0311
4311
4066

1743
2757
2757
0311
4311
4660

1744
2757
2757
4311
4311
0660

1745
2757
2757
4311
4311
6600

1746
2757
2757
4300
4311
6611

1747
2757
2750
4307
4311
6611

1748
2757
2750
4370
4311
6611

1749
2750
2757
4370
4311
6611

1750
2750
2750
4377
4311
6611

1751
2705
2705
4377
4311
6611

1752
2705
2075
4377
4311
6611

1753
2705
2375
4377
4011
6611

1754
2075
2375
4377
4011
6611

1755
2375
2375
4077
4011
6611

1756
2375
2375
4707
4011
6611

1757
2375
2375
4007
4711
6611

1758
2375
2305
4077
4711
6611

1759
2075
2305
4377
4711
6611

1760
2705
2305
4377
4711
6611

1761
2705
2375
4307
4711
6611

1762
2705
2375
4370
4711
6611

1763
2700
2375
4375
4711
6611

1764
2770
2305
4375
4711
6611

1765
2770
2375
4305
4711
6611

1766
2775
2375
4300
4711
6611

1767
2775
2375
4311
4711
6600

1768
2775
2375
4311
4711
0660

1769
2775
2375
4311
4711
0066

1770
2775
2375
4311
4011
0766

1771
2775
2375
4311
4011
7066

1772
2775
2375
4311
4011
7660

1773
2775
2075
4311
4311
7660

1774
2775
2705
4311
4311
7660

1775
2775
2705
4311
4311
7066

1776
2775
2705
4311
4311
0766

1777
2775
2705
0311
4311
4766

1778
0775
2705
2311
4311
4766

1779
0775
2075
2311
4311
4766

1780
0775
2375
2311
4011
4766

1781
0775
2375
2311
4711
4066

1782
0775
2375
2311
4711
4660

1783
7075
2375
2311
4711
4660

1784
7375
2375
2011
4711
4660

1785
7375
2375
2011
4711
4066

1786
7375
2375
2711
4011
4066

1787
7375
2375
2711
0411
0466

1788
7375
0375
2711
2411
0466

1789
7375
0375
0711
2411
2466

1790
7375
0375
7011
2411
2466

1791
7375
0375
7411
2411
2066

1792
7375
0375
7411
2411
2660

1793
7375
7375
0411
2411
2660

1794
7375
7375
2411
2411
0660

1795
7375
7375
2411
2411
0066

1796
7375
7375
2011
2411
0466

1797
7075
7375
2311
2411
0466

1798
7075
7375
0311
2411
2466

1799
0775
7375
0311
2411
2466

1800
7775
0375
0311
2411
2466

1801
7775
0375
2311
2411
0466

1802
7775
2375
2311
0411
0466

1803
7775
2375
2311
4011
4066

1804
7775
2375
2311
4011
4660

1805
7775
2075
2311
4311
4660

1806
7775
2705
2311
4311
4660

1807
7775
2705
2311
4311
4066

1808
7775
2705
2011
4311
4366

1809
7775
2005
2711
4311
4366

1810
7705
2075
2711
4311
4366

1811
7005
2775
2711
4311
4366

1812
0705
2775
2711
4311
4366

1813
0075
2775
2711
4311
4366

1814
0775
2075
2711
4311
4366

1815
0775
2775
2011
4311
4366

1816
0775
2775
2311
4311
4066

1817
0775
2775
2311
4311
4660

1818
2775
2775
0311
4311
4660

1819
2775
2775
4311
4311
0660

1820
2775
2775
4311
4311
0066

1821
2775
2775
4011
4311
0366

1822
2775
2075
4711
4311
0366

1823
2775
2705
4711
4311
0366

1824
2775
2705
0711
4311
4366

1825
2775
2705
7011
4311
4366

1826
2775
2705
7311
4311
4066

1827
2775
2705
7311
4311
4660

1828
2775
2075
7311
4311
4660

1829
2775
2375
7311
4011
4660

1830
2775
2375
7311
4011
4066

1831
2775
2375
7311
0411
0466

1832
2775
2375
0311
7411
0466

1833
2775
2375
0311
0411
7466

1834
0775
2375
2311
0411
7466

1835
0775
0375
2311
2411
7466

1836
7075
0375
2311
2411
7466

1837
0075
7375
2311
2411
7466

1838
0705
7375
2311
2411
7466

1839
0775
7305
2311
2411
7466

1840
7775
0305
2311
2411
7466

1841
7775
2305
2311
0411
7466

1842
7775
2305
2311
7411
0466

1843
7705
2375
2311
7411
0466

1844
7075
2375
2311
7411
0466

1845
7375
2375
2011
7411
0466

1846
7375
2375
2011
0411
7466

1847
7375
2375
2411
0411
7066

1848
7375
2375
2411
0411
7660

1849
7375
0375
2411
2411
7660

1850
0375
7375
2411
2411
7660

1851
0375
7375
2411
2411
7066

1852
0375
7375
2411
2411
0766

1853
0375
7375
0411
2411
2766

1854
0375
0375
7411
2411
2766

1855
3075
3075
7411
2411
2766

1856
3075
3705
7411
2411
2766

1857
3775
3005
7411
2411
2766

1858
3775
3405
7411
2011
2766

1859
3775
3405
7411
2711
2066

1860
3775
3405
7411
2711
2660

1861
3705
3475
7411
2711
2660

1862
3075
3475
7411
2711
2660

1863
3075
3475
7411
2711
2066

1864
3475
3475
7011
2711
2066

1865
3475
3475
7011
2011
2766

1866
3475
3475
0711
2011
2766

1867
3475
3475
0011
2711
2766

1868
3075
3475
0411
2711
2766

1869
3075
3475
2411
2711
0766

1870
3075
3475
2411
2711
7066

1871
3075
3475
2411
2711
7660

1872
3705
3475
2411
2711
7660

1873
3775
3405
2411
2711
7660

1874
3775
3405
2411
2711
7066

1875
3775
3405
2411
2011
7766

1876
3775
3005
2411
2411
7766

1877
3705
3075
2411
2411
7766

1878
3075
3075
2411
2411
7766

1879
0375
0375
2411
2411
7766

1880
0375
2375
2411
0411
7766

1881
2375
2375
0411
0411
7766

1882
2375
2375
4011
4011
7766

1883
2375
2375
4110
4110
7766

1884
2370
2375
4115
4110
7766

1885
2370
2370
4115
4115
7766

1886
2370
2307
4115
4115
7766

1887
2307
2307
4115
4115
7766

1888
2037
2037
4115
4115
7766

1889
0237
0237
4115
4115
7766

1890
0237
4237
4115
0115
7766

1891
4237
4237
0115
0115
7766

1892
4237
4237
1105
1105
7766

1893
4237
4237
1150
1150
7766

1894
4237
4230
1157
1150
7766

1895
4237
4230
1150
1157
7766

1896
4230
4237
1150
1157
7766

1897
4230
4230
1157
1157
7766

1898
4203
4203
1157
1157
7766

1899
4203
4253
1157
1107
7766

1900
4203
4253
1157
1170
7766

1901
4203
4253
1150
1177
7766

1902
4200
4253
1153
1177
7766

1903
4250
4253
1103
1177
7766

1904
4250
4253
1173
1107
7766

1905
4250
4253
1173
1170
7766

1906
4250
4250
1173
1173
7766

1907
4205
4205
1173
1173
7766

1908
4205
4275
1103
1173
7766

1909
4205
4275
1173
1103
7766

1910
4275
4205
1173
1103
7766

1911
4275
4275
1103
1103
7766

1912
4275
4275
1130
1130
7766

1913
4270
4275
1135
1130
7766

1914
4270
4270
1135
1135
7766

1915
4270
4207
1135
1135
7766

1916
4270
4237
1135
1105
7766

1917
4277
4230
1135
1105
7766

1918
4277
4235
1135
1100
7766

1919
4277
4235
1135
1166
7700

1920
4277
4235
1135
1166
7070

1921
4277
4235
1135
1166
7007

1922
4277
4235
1135
1166
0707

1923
4277
4235
1135
1166
0077

1924
4277
4235
0035
1166
1177

1925
4077
4235
0235
1166
1177

1926
0077
4235
4235
1166
1177

1927
0707
4235
4235
1166
1177

1928
0770
4235
4235
1166
1177

1929
0775
4235
4230
1166
1177

1930
7075
4235
4230
1166
1177

1931
7705
4235
4230
1166
1177

1932
7735
4235
4200
1166
1177

1933
7735
4235
4266
1100
1177

1934
7735
4235
4266
1107
1170

1935
7735
4235
4266
1107
1107

1936
7735
4235
4266
0117
0117

