Initial state:
7117
2113
2443
7557
0660

Cost of solution: 158

Number of states expanded: 15064

Solution:

0
7117
2113
2443
7557
0660

1
7117
2113
2443
7557
6600

2
7117
2113
2443
7550
6607

3
7117
2110
2443
7553
6607

4
7110
2117
2443
7553
6607

5
7110
2117
2443
7553
6670

6
7110
2117
2440
7553
6673

7
7110
2110
2447
7553
6673

8
7011
2011
2447
7553
6673

9
0711
2011
2447
7553
6673

10
2711
2011
0447
7553
6673

11
2711
2011
4407
7553
6673

12
2711
2011
4470
7553
6673

13
2711
2011
4473
7553
6670

14
2711
2011
4473
7553
6607

15
2711
2011
4473
7553
0667

16
2711
2011
4473
0553
7667

17
2711
2011
4473
5503
7667

18
2711
2011
4403
5573
7667

19
2711
2011
0443
5573
7667

20
0711
2011
2443
5573
7667

21
7011
2011
2443
5573
7667

22
7110
2110
2443
5573
7667

23
7110
2113
2443
5570
7667

24
7110
2113
2443
5507
7667

25
7110
2113
2443
0557
7667

26
7110
2113
2443
7557
0667

27
7110
2113
2443
7557
6607

28
7110
2113
2443
7557
6670

29
7110
2113
2443
7550
6677

30
7110
2113
2443
7055
6677

31
7113
2113
2440
7055
6677

32
7113
2113
2044
7055
6677

33
7113
2113
2044
0755
6677

34
7113
2113
2744
0055
6677

35
7113
2113
2744
6655
0077

36
7113
2113
2744
6655
0707

37
7113
2113
2744
6655
7007

38
7113
2113
2744
6655
7070

39
7113
2113
2744
6655
7700

40
7113
2113
2744
6600
7755

41
7113
2113
2744
0660
7755

42
7113
2113
2744
0066
7755

43
7113
0113
2744
2066
7755

44
7113
0113
2744
2766
7055

45
7113
0113
2744
2766
0755

46
7113
0113
0744
2766
2755

47
7113
0113
7044
2766
2755

48
7113
0113
7744
2066
2755

49
7113
0113
7744
2766
2055

50
7113
7113
0744
2766
2055

51
7113
7113
2744
2766
0055

52
7113
7113
2744
2766
0550

53
7113
7113
2744
2766
5500

54
7113
7113
2744
2700
5566

55
7113
7113
2744
2070
5566

56
7113
7113
2744
2007
5566

57
7113
7113
2044
2707
5566

58
7113
7113
2440
2707
5566

59
7113
7113
2447
2700
5566

60
7113
7113
2447
2766
5500

61
7113
7113
2447
2766
0550

62
7113
7113
0447
2766
2550

63
7113
7113
4407
2766
2550

64
7113
7113
4407
2766
2055

65
7113
7113
4407
2066
2755

66
7113
7113
4470
2066
2755

67
7110
7113
4473
2066
2755

68
7110
7113
4473
2660
2755

69
7110
7110
4473
2663
2755

70
7011
7011
4473
2663
2755

71
0711
7011
4473
2663
2755

72
7711
0011
4473
2663
2755

73
7711
4411
0073
2663
2755

74
7711
4411
0703
2663
2755

75
7711
4411
2703
2663
0755

76
7711
4411
2703
2663
7055

77
7711
4411
2703
2663
7550

78
7711
4411
2700
2663
7553

79
7700
4411
2711
2663
7553

80
7070
4411
2711
2663
7553

81
0770
4411
2711
2663
7553

82
0707
4411
2711
2663
7553

83
0077
4411
2711
2663
7553

84
4477
0011
2711
2663
7553

85
4477
0711
2011
2663
7553

86
4477
7011
2011
2663
7553

87
4477
7110
2110
2663
7553

88
4470
7117
2110
2663
7553

89
4407
7117
2110
2663
7553

90
0447
7117
2110
2663
7553

91
0447
7110
2117
2663
7553

92
0440
7117
2117
2663
7553

93
0044
7117
2117
2663
7553

94
7044
0117
2117
2663
7553

95
0744
0117
2117
2663
7553

96
0744
2117
2117
0663
7553

97
0744
2117
2117
7663
0553

98
2744
2117
0117
7663
0553

99
2744
2117
7117
0663
0553

100
2744
2117
7117
6603
0553

101
2744
2117
7117
6603
5503

102
2744
2117
7117
6630
5530

103
2744
2117
7110
6637
5530

104
2744
2110
7117
6637
5530

105
2744
2110
7117
6630
5537

106
2744
2110
7110
6637
5537

107
2744
2011
7011
6637
5537

108
2044
2711
7011
6637
5537

109
2044
2711
0711
6637
5537

110
0044
2711
2711
6637
5537

111
0440
2711
2711
6637
5537

112
4400
2711
2711
6637
5537

113
4411
2711
2700
6637
5537

114
4411
2711
2707
6630
5537

115
4411
2711
2707
6637
5530

116
4411
2711
2737
6637
5500

117
4411
2711
2737
6637
0550

118
4411
2711
2737
6637
0055

119
4411
2711
2737
0037
6655

120
4411
0711
2737
2037
6655

121
4411
7011
2737
2037
6655

122
4411
7711
2037
2037
6655

123
4411
7711
2307
2307
6655

124
4411
7711
2307
2370
6655

125
4411
7711
2300
2377
6655

126
4400
7711
2311
2377
6655

127
0440
7711
2311
2377
6655

128
0044
7711
2311
2377
6655

129
0744
7011
2311
2377
6655

130
0744
7311
2311
2077
6655

131
7744
0311
2311
2077
6655

132
7744
2311
2311
0077
6655

133
7744
2311
2311
6677
0055

134
7744
2311
2311
6677
0550

135
7744
2311
2311
6677
5500

136
7744
2311
2311
6607
5570

137
7744
2311
2311
6600
5577

138
7744
2300
2311
6611
5577

139
7700
2344
2311
6611
5577

140
7070
2344
2311
6611
5577

141
0770
2344
2311
6611
5577

142
0707
2344
2311
6611
5577

143
0077
2344
2311
6611
5577

144
0377
2344
2011
6611
5577

145
2377
2344
0011
6611
5577

146
2377
2344
6611
0011
5577

147
2377
2344
6611
5511
0077

148
2377
2344
6611
5511
0707

149
2377
2344
6611
5511
7007

150
2377
2344
6611
5511
7070

151
2377
2344
6611
5511
7700

152
2377
2344
6600
5511
7711

153
2377
2344
0660
5511
7711

154
2377
2344
0066
5511
7711

155
2377
2344
5566
0011
7711

156
2377
2344
5566
0711
7011

157
2377
2344
5566
7011
7011

158
2377
2344
5566
7110
7110

